1 0.39083333333333337 0.7434607645875252 0.41833333333333333 0.5130784708249497
0 0.5191666666666667 0.8148893360160967 0.07833333333333334 0.3702213279678069
1 0.765 0.7012072434607647 0.47000000000000003 0.2716297786720322
0 0.61 0.7706237424547284 0.18000000000000002 0.29376257545271633
1 0.6558333333333334 0.23440643863179075 0.335 0.11468812877263583
1 0.7566666666666667 0.3108651911468813 0.4033333333333334 0.18712273641851107
1 0.7633333333333334 0.4657947686116701 0.28 0.40442655935613686
0 0.6358333333333334 0.4346076458752515 0.325 0.23742454728370224
0 0.7116666666666667 0.38732394366197187 0.5766666666666667 0.3158953722334004
0 0.8716666666666667 0.7645875251509054 0.2566666666666667 0.07645875251509054
