1 0.8733333333333334 0.3440643863179075 0.25333333333333335 0.454728370221328
0 0.9183333333333334 0.8028169014084507 0.11 0.3943661971830986
0 0.8450000000000001 0.6579476861167003 0.31 0.6277665995975855
0 0.9275000000000001 0.2535211267605634 0.14500000000000002 0.2052313883299799
0 0.9175000000000001 0.2806841046277666 0.165 0.25955734406438635
1 0.5641666666666667 0.45271629778672035 0.29500000000000004 0.454728370221328
1 0.5566666666666668 0.7012072434607647 0.38333333333333336 0.4285714285714286
0 0.4416666666666667 0.5955734406438632 0.17333333333333334 0.579476861167002
1 0.20333333333333334 0.5281690140845071 0.2833333333333333 0.227364185110664
2 0.36583333333333334 0.7434607645875252 0.24500000000000002 0.5130784708249497
2 0.6775 0.18209255533199198 0.335 0.3561368209255534
