1 0.24083333333333334 0.20321931589537226 0.30833333333333335 0.4024144869215292
0 0.08916666666666667 0.5583501006036218 0.115 0.8832997987927567
0 0.6241666666666668 0.20925553319919518 0.6383333333333334 0.3420523138832998
1 0.38583333333333336 0.7826961770623743 0.265 0.4346076458752515
0 0.5941666666666667 0.7323943661971831 0.14500000000000002 0.39839034205231394
0 0.41833333333333333 0.5150905432595574 0.10666666666666667 0.32193158953722334
1 0.44 0.20020120724346077 0.37000000000000005 0.3682092555331992
0 0.5208333333333334 0.20020120724346077 0.17500000000000002 0.31991951710261574
1 0.8866666666666667 0.5814889336016097 0.22666666666666668 0.1006036217303823
2 0.8400000000000001 0.41549295774647893 0.22 0.25150905432595577
