0 0.36250000000000004 0.35110663983903423 0.17500000000000002 0.3440643863179075
0 0.395 0.5774647887323944 0.48333333333333334 0.5995975855130785
0 0.9483333333333334 0.7826961770623743 0.1 0.4346076458752515
1 0.33 0.8189134808853119 0.4033333333333334 0.2977867203219316
1 0.6933333333333334 0.4808853118712274 0.25333333333333335 0.4668008048289739
1 0.7433333333333334 0.56841046277666 0.31333333333333335 0.5050301810865192
0 0.7033333333333334 0.4939637826961771 0.36000000000000004 0.42454728370221334
1 0.7941666666666667 0.25553319919517103 0.37833333333333335 0.2977867203219316
1 0.9341666666666667 0.3943661971830986 0.13166666666666668 0.12474849094567406
0 0.5716666666666667 0.1267605633802817 0.20333333333333334 0.2494969818913481
2 0.7400000000000001 0.10865191146881288 0.52 0.21327967806841047
