1 0.1975 0.5392354124748492 0.30833333333333335 0.22535211267605637
1 0.7725000000000001 0.7826961770623743 0.405 0.18913480885311873
0 0.75 0.6559356136820926 0.1 0.4024144869215292
1 0.5191666666666667 0.4979879275653924 0.33166666666666667 0.4406438631790745
1 0.6175 0.7645875251509054 0.28833333333333333 0.47082494969818917
0 0.5316666666666667 0.43561368209255535 0.6733333333333333 0.2233400402414487
1 0.8350000000000001 0.38329979879275655 0.32 0.34808853118712274
0 0.9191666666666667 0.2927565392354125 0.16166666666666668 0.2233400402414487
0 0.4591666666666667 0.6086519114688129 0.14833333333333334 0.5331991951710262
2 0.535 0.22233400402414488 0.5066666666666667 0.41247484909456744
2 0.3441666666666667 0.7414486921529175 0.255 0.517102615694165
