1 0.3691666666666667 0.4808853118712274 0.37833333333333335 0.47887323943661975
0 0.6816666666666668 0.8058350100603623 0.4166666666666667 0.36016096579476864
0 0.8716666666666667 0.6961770623742455 0.13333333333333333 0.4346076458752515
0 0.9308333333333334 0.7625754527162979 0.07166666666666667 0.3420523138832998
0 0.9791666666666667 0.8259557344064387 0.04166666666666667 0.21529175050301813
1 0.8583333333333334 0.20020120724346077 0.09000000000000001 0.23541247484909458
1 0.6458333333333334 0.32193158953722334 0.28833333333333333 0.45070422535211274
1 0.41250000000000003 0.2716297786720322 0.18166666666666667 0.5030181086519115
0 0.6825 0.41348088531187127 0.41833333333333333 0.15492957746478875
1 0.6275000000000001 0.6468812877263582 0.3616666666666667 0.1388329979879276
0 0.7150000000000001 0.5653923541247485 0.35000000000000003 0.1488933601609658
0 0.7783333333333334 0.6770623742454729 0.32333333333333336 0.14688128772635817
