1 0.2316666666666667 0.5291750503018109 0.3066666666666667 0.22132796780684105
0 0.3191666666666667 0.5533199195171027 0.6283333333333334 0.5593561368209256
1 0.4766666666666667 0.7947686116700202 0.2566666666666667 0.4104627766599598
0 0.9175000000000001 0.7806841046277667 0.12166666666666667 0.43863179074446684
0 0.6508333333333334 0.7887323943661972 0.125 0.4225352112676057
1 0.5858333333333333 0.591549295774648 0.36500000000000005 0.4989939637826962
0 0.6941666666666667 0.4758551307847083 0.6116666666666667 0.21931589537223342
1 0.8916666666666667 0.3058350100603622 0.21666666666666667 0.4346076458752515
1 0.8675 0.3450704225352113 0.2516666666666667 0.4607645875251509
0 0.93 0.244466800804829 0.14 0.19517102615694168
2 0.6775 0.3420523138832998 0.4783333333333334 0.5110663983903421
2 0.36000000000000004 0.727364185110664 0.19333333333333336 0.545271629778672
