1 0.40750000000000003 0.44768611670020125 0.3616666666666667 0.29979879275653926
1 0.7175 0.5523138832997988 0.2016666666666667 0.5935613682092555
1 0.8600000000000001 0.6790744466800805 0.28 0.21529175050301813
1 0.8175 0.36418511066398396 0.35833333333333334 0.29376257545271633
1 0.9275000000000001 0.16901408450704228 0.135 0.2012072434607646
0 0.9 0.5211267605633804 0.09333333333333334 0.4225352112676057
0 0.6441666666666667 0.5905432595573441 0.7116666666666667 0.36418511066398396
0 0.4916666666666667 0.32193158953722334 0.10666666666666667 0.3058350100603622
0 0.2541666666666667 0.48189134808853124 0.37833333333333335 0.15492957746478875
1 0.9383333333333334 0.39537223340040245 0.12333333333333334 0.1388329979879276
0 0.54 0.7193158953722335 0.07 0.19919517102615697
