1 0.1675 0.5352112676056339 0.29833333333333334 0.22937625754527166
0 0.2516666666666667 0.6327967806841047 0.16666666666666669 0.7344064386317908
0 0.31583333333333335 0.8490945674044267 0.6283333333333334 0.3018108651911469
1 0.8366666666666667 0.812877263581489 0.25333333333333335 0.37424547283702214
0 0.6008333333333333 0.6861167002012073 0.2516666666666667 0.31388329979879276
0 0.42583333333333334 0.5804828973843059 0.14833333333333334 0.6016096579476862
1 0.8500000000000001 0.40040241448692154 0.30000000000000004 0.32595573440643866
1 0.8375 0.5845070422535211 0.28833333333333333 0.45674044265593566
1 0.7941666666666667 0.7233400402414487 0.4116666666666667 0.28772635814889336
0 0.935 0.21327967806841047 0.13 0.12072434607645877
2 0.8741666666666668 0.31690140845070425 0.2516666666666667 0.2756539235412475
2 0.305 0.6156941649899397 0.23 0.6277665995975855
