1 0.16166666666666668 0.5311871227364185 0.2966666666666667 0.22132796780684105
0 0.3191666666666667 0.8490945674044267 0.635 0.289738430583501
0 0.24833333333333335 0.6338028169014085 0.15000000000000002 0.7323943661971831
0 0.43083333333333335 0.585513078470825 0.14833333333333334 0.5875251509054327
0 0.5975 0.6830985915492959 0.275 0.3360160965794769
1 0.8183333333333334 0.8138832997987928 0.2733333333333334 0.37223340040241454
1 0.7933333333333333 0.7052313883299799 0.4133333333333334 0.227364185110664
1 0.8350000000000001 0.5875251509054327 0.30333333333333334 0.47082494969818917
0 0.9525 0.523138832997988 0.095 0.10462776659959759
1 0.8516666666666667 0.4084507042253521 0.2966666666666667 0.33400402414486924
0 0.9291666666666667 0.28169014084507044 0.14166666666666666 0.1529175050301811
2 0.8616666666666667 0.358148893360161 0.27666666666666667 0.2575452716297787
2 0.31 0.6126760563380282 0.24000000000000002 0.6378269617706238
