1 0.16166666666666668 0.53420523138833 0.28 0.23943661971830987
1 0.8316666666666667 0.8138832997987928 0.26666666666666666 0.37223340040241454
1 0.7891666666666667 0.7253521126760564 0.4216666666666667 0.25150905432595577
0 0.8491666666666667 0.53420523138833 0.25833333333333336 0.7987927565392354
1 0.8491666666666667 0.4084507042253521 0.3016666666666667 0.33400402414486924
0 0.7133333333333334 0.5784708249496983 0.26333333333333336 0.25955734406438635
0 0.42750000000000005 0.5885311871227364 0.14833333333333334 0.5975855130784709
0 0.9391666666666667 0.23742454728370224 0.12166666666666667 0.17706237424547286
0 0.925 0.33098591549295775 0.15000000000000002 0.0824949698189135
1 0.8300000000000001 0.5754527162977867 0.25 0.4869215291750503
2 0.5116666666666667 0.6680080482897385 0.4566666666666667 0.5271629778672032
2 0.5116666666666667 0.2233400402414487 0.31333333333333335 0.4426559356136821
