1 0.4808333333333334 0.15694164989939638 0.4716666666666667 0.3098591549295775
1 0.7875000000000001 0.48289738430583506 0.35500000000000004 0.329979879275654
1 0.7925000000000001 0.37726358148893363 0.4083333333333334 0.21126760563380284
1 0.8683333333333334 0.46478873239436624 0.2566666666666667 0.1448692152917505
1 0.8808333333333334 0.5100603621730383 0.18833333333333335 0.130784708249497
0 0.8541666666666667 0.7293762575452717 0.28833333333333333 0.20724346076458755
0 0.7050000000000001 0.5241448692152918 0.27666666666666667 0.3279678068410463
0 0.515 0.6126760563380282 0.33666666666666667 0.12273641851106641
0 0.37833333333333335 0.5533199195171027 0.26333333333333336 0.07645875251509054
0 0.4425 0.4235412474849095 0.22833333333333336 0.16297786720321933
0 0.3916666666666667 0.358148893360161 0.3766666666666667 0.23340040241448695
2 0.7275 0.6680080482897385 0.31833333333333336 0.6639839034205232
