1 0.4108333333333334 0.6891348088531187 0.4316666666666667 0.4688128772635815
0 0.45583333333333337 0.7796780684104628 0.20500000000000002 0.3762575452716298
0 0.6266666666666667 0.7454728370221329 0.16666666666666669 0.30784708249496984
0 0.8616666666666667 0.7625754527162979 0.27666666666666667 0.09255533199195172
0 0.7625000000000001 0.6740442655935615 0.21500000000000002 0.07243460764587525
1 0.6333333333333334 0.36317907444668013 0.22333333333333336 0.5774647887323944
0 0.5058333333333334 0.7525150905432596 0.6083333333333334 0.4949698189134809
0 0.6691666666666667 0.32494969818913483 0.655 0.40442655935613686
1 0.7433333333333334 0.26760563380281693 0.4166666666666667 0.2012072434607646
1 0.7041666666666667 0.30281690140845074 0.28500000000000003 0.4325955734406439
0 0.7908333333333334 0.41549295774647893 0.2316666666666667 0.3802816901408451
1 0.5650000000000001 0.30482897384305835 0.06333333333333334 0.20724346076458755
0 0.805 0.30885311871227367 0.29000000000000004 0.5050301810865192
1 0.6725000000000001 0.19416498993963785 0.32833333333333337 0.10261569416498995
