1 0.405 0.2716297786720322 0.15333333333333335 0.49094567404426565
1 0.3725 0.4768611670020121 0.36833333333333335 0.4668008048289739
0 0.8766666666666667 0.6841046277665996 0.14666666666666667 0.43863179074446684
0 0.67 0.7967806841046279 0.41000000000000003 0.3621730382293763
0 0.9375000000000001 0.7947686116700202 0.08833333333333333 0.2696177062374246
0 0.9858333333333335 0.8209255533199196 0.028333333333333335 0.2012072434607646
1 0.8550000000000001 0.20724346076458755 0.08 0.23340040241448695
1 0.6425000000000001 0.329979879275654 0.27166666666666667 0.45070422535211274
0 0.7208333333333333 0.5724346076458753 0.3016666666666667 0.16700201207243462
1 0.6641666666666667 0.7102615694164991 0.26833333333333337 0.261569416498994
