1 0.21166666666666667 0.5331991951710262 0.31333333333333335 0.21730382293762576
0 0.44083333333333335 0.6006036217303824 0.14166666666666666 0.5653923541247485
1 0.7575000000000001 0.7977867203219317 0.44833333333333336 0.2756539235412475
0 0.8366666666666667 0.6307847082494971 0.32666666666666666 0.09054325955734407
1 0.5575 0.41750503018108653 0.2816666666666667 0.4849094567404427
1 0.8683333333333334 0.3329979879275654 0.25 0.45271629778672035
0 0.755 0.5090543259557344 0.49000000000000005 0.358148893360161
0 0.93 0.24245472837022136 0.14 0.18712273641851107
0 0.9458333333333334 0.2746478873239437 0.10833333333333334 0.37223340040241454
2 0.6183333333333334 0.34305835010060365 0.53 0.24346076458752516
2 0.37333333333333335 0.7374245472837023 0.25333333333333335 0.5251509054325956
