1 0.3325 0.8158953722334005 0.41500000000000004 0.3038229376257546
0 0.9475 0.7736418511066399 0.10500000000000001 0.44466800804828976
1 0.14333333333333334 0.4798792756539236 0.2833333333333333 0.35211267605633806
0 0.3925 0.5704225352112676 0.49500000000000005 0.5935613682092555
1 0.6041666666666667 0.5462776659959759 0.3516666666666667 0.3038229376257546
0 0.305 0.5774647887323944 0.5366666666666667 0.7283702213279679
0 0.5758333333333334 0.12273641851106641 0.1716666666666667 0.24144869215291753
1 0.8033333333333333 0.2364185110663984 0.31 0.41247484909456744
1 0.7350000000000001 0.4315895372233401 0.4166666666666667 0.3561368209255534
2 0.7741666666666667 0.20321931589537226 0.44833333333333336 0.3179074446680081
2 0.30000000000000004 0.6680080482897385 0.19333333333333336 0.6277665995975855
