1 0.45833333333333337 0.6810865191146882 0.5 0.2756539235412475
0 0.8550000000000001 0.5432595573440644 0.29000000000000004 0.12474849094567406
1 0.3016666666666667 0.30281690140845074 0.18333333333333335 0.14285714285714288
1 0.6441666666666667 0.32193158953722334 0.2516666666666667 0.4426559356136821
1 0.7283333333333334 0.4346076458752515 0.23333333333333334 0.5311871227364185
1 0.6950000000000001 0.34708249496981897 0.2833333333333333 0.3843058350100604
0 0.6491666666666667 0.22434607645875254 0.665 0.3843058350100604
0 0.7608333333333334 0.20824949698189135 0.4783333333333334 0.3319919517102616
1 0.5241666666666667 0.36016096579476864 0.058333333333333334 0.2012072434607646
0 0.5058333333333334 0.3853118712273642 0.2816666666666667 0.21931589537223342
0 0.5800000000000001 0.5140845070422536 0.3166666666666667 0.16700201207243462
0 0.8300000000000001 0.18309859154929578 0.14666666666666667 0.3621730382293763
